nSoil_Types  72
LBA10   HORIZON UD[mm]  LD[mm]  Clay[%] SAND[%] Bd[gcm-3]
1       1       0       20      5       90      1.2
1       2       20      100     7       73      1.4
1       3       100     800     5       80      1.6
1       4       800     2000    1       94      1.6
2       1       0       200     28      12      1.2
2       2       200     400     28      12      1.4
2       3       400     2000    28      12      1.4
3       1       0       250     25      15      1.6
3       2       250     450     8       62      1.5
3       3       450     1050    4       81      1.6
3       4       1050    2000    10      65      1.8
4       1       0       80      20      20      1.5
4       2       80      250     19      36      1.6
4       3       250     400     20      20      1.9
4       4       400     1000    16      29      1.6
4       5       1000    1200    55      25      2.2
4       6       1200    2000    55      25      2.1
5       1       0       80      20      20      1.5
5       2       80      250     19      36      1.6
5       3       250     400     20      20      1.9
5       4       400     1000    16      29      1.6
5       5       1000    1200    55      25      2.2
5       6       1200    2000    55      25      2.1
6       1       0       150     25      15      1.4
6       2       150     1000    25      15      1.4
6       3       1000    2000    25      15      1.8
7       1       0       900     20      45      1.2
7       2       900     2000    20      45      1.8
8       1       0       150     15      10      1.5
8       2       150     700     15      10      1.7
8       3       700     1300    15      10      1.7
8       4       1300    2000    1       84      1.6
9       1       0       150     15      10      1.5
9       2       150     700     15      10      1.6
9       3       700     1300    15      10      1.7
9       4       1300    2000    1       84      1.6
10      1       0       50      0       95      1.1
10      2       50      850     0       95      1.4
10      3       850     950     0       95      1.6
10      4       950     2000    0       95      1.6
11      1       0       150     30      30      1.7
11      2       150     500     30      15      1.8
11      3       500     1900    35      10      2.0
11      4       1900    2000    60      5       2.3
12      1       0       300     10      65      1.4
12      2       300     450     15      60      1.4
12      3       450     1200    2       93      1.6
12      4       1200    2000    5       75      1.5
13      1       0       400     15      10      1.5
13      2       400     2000    10      15      1.7
14      1       0       250     18      52      1.5
14      2       250     550     18      52      1.6
14      3       550     750     20      45      1.9
14      4       750     2000    5       90      1.6
15      1       0       250     20      35      1.5
15      2       250     550     28      32      2.0
15      3       550     750     25      40      1.8
15      4       750     1000    25      40      1.8
15      5       1000    1400    20      45      1.8
15      6       1400    2000    20      45      1.8
16      1       0       50      20      20      1.6
16      2       50      400     20      45      1.9
16      3       400     1000    8       72      1.7
16      4       1000    2000    10      65      1.7
17      1       0       100     0       95      1.3
17      2       100     200     0       95      1.5
17      3       200     600     0       95      1.7
17      4       600     950     1       94      1.7
17      5       950     1250    1       84      1.7
17      6       1250    1550    5       80      1.7
17      7       1550    2000    30      30      2.0
18      1       0       300     20      20      1.6
18      2       300     400     20      10      1.8
18      3       400     800     35      10      2.1
18      4       800     2000    20      20      1.9
19      1       0       150     18      52      1.5
19      2       150     500     25      40      1.8
19      3       500     900     30      50      2.1
19      4       900     1200    28      52      2.0
19      5       1200    1350    22      43      1.8
19      6       1350    1800    22      58      1.8
19      7       1800    2000    3       92      1.6
20      1       0       250     10      65      1.4
20      2       250     450     20      45      1.6
20      3       450     1100    30      50      2.0
20      4       1100    2000    25      40      1.7
21      1       0       250     15      60      1.4
21      2       250     400     10      65      1.6
21      3       400     800     30      30      2.0
21      4       800     1000    20      45      1.8
21      5       1000    2000    20      35      1.7
22      1       0       300     20      60      1.6
22      2       300     950     20      45      1.8
22      3       950     1500    20      45      1.8
22      4       1500    2000    25      30      1.9
23      1       0       350     35      45      1.7
23      2       350     450     2       93      1.5
23      3       450     850     2       93      1.6
23      4       850     1150    20      60      2.0
23      5       1150    2000    5       75      1.6
24      1       0       300     15      60      1.4
24      2       300     450     20      45      1.6
24      3       450     650     30      50      1.8
24      4       650     850     40      20      2.1
24      5       850     1300    10      65      1.7
24      6       1300    2000    15      60      1.7
25      1       0       100     5       75      1.3
25      2       100     150     5       75      1.4
25      3       150     250     5       75      1.6
25      4       250     600     20      60      1.9
25      5       600     2000    15      60      1.8
26      1       0       250     10      65      1.4
26      2       250     400     5       80      1.5
26      3       400     800     20      60      1.9
26      4       800     2000    15      60      1.7
27      1       0       350     5       80      1.3
27      2       350     450     10      65      1.6
27      3       450     950     20      45      1.9
27      4       950     2000    15      60      1.7
28      1       0       50      5       80      1.3
28      2       50      250     5       80      1.4
28      3       250     450     5       80      1.5
28      4       450     600     10      65      1.7
28      5       600     800     10      65      1.7
28      6       800     1100    20      45      1.9
28      7       1100    1500    20      45      2.0
28      8       1500    2000    20      55      1.9
29      1       0       300     5       80      1.3
29      2       300     350     10      65      1.5
29      3       350     650     15      60      1.6
29      4       650     850     5       80      1.5
29      5       850     1400    10      65      1.7
29      6       1400    1800    10      65      1.7
29      7       1800    2000    20      60      1.9
30      1       0       250     15      60      1.4
30      2       250     350     10      65      1.6
30      3       350     900     20      60      1.9
30      4       900     2000    20      60      1.9
31      1       0       150     2       93      1.3
31      2       150     300     1       94      1.4
31      3       300     400     2       93      1.6
31      4       400     500     2       93      1.6
31      5       500     2000    2       93      1.5
32      1       0       300     5       80      1.3
32      2       300     800     5       80      1.5
32      3       800     2000    1       94      1.5
33      1       0       100     2       93      1.3
33      2       100     250     2       93      1.6
33      3       250     300     2       93      1.8
33      4       300     400     2       93      1.8
33      5       400     1600    2       93      1.6
33      6       1600    2000    2       93      1.6
34      1       0       300     3       92      1.3
34      2       300     2000    2       93      1.5
35      1       0       250     15      30      1.4
35      2       250     650     15      10      1.6
35      3       650     2000    20      20      1.8
36      1       0       300     15      10      1.4
36      2       300     600     15      10      1.5
36      3       600     1000    25      15      1.7
36      4       1000    2000    15      10      1.6
37      1       0       300     15      10      1.4
37      2       300     700     24      6       1.6
37      3       700     1050    24      6       1.7
37      4       1050    2000    15      10      1.6
38      1       0       300     20      10      1.5
38      2       300     500     22      8       1.7
38      3       500     600     20      10      1.8
38      4       600     800     12      13      1.7
38      5       800     1000    12      13      1.7
38      6       1000    1300    12      13      1.8
38      7       1300    2000    12      13      1.8
39      1       0       300     15      10      1.4
39      2       300     700     15      10      1.5
39      3       700     900     20      20      1.7
39      4       900     2000    20      20      1.7
40      1       0       300     15      10      1.4
40      2       300     500     20      10      1.6
40      3       500     650     24      6       1.9
40      4       650     900     24      6       1.9
40      5       900     1000    15      10      1.7
40      6       1000    2000    18      12      1.7
41      1       0       300     20      20      1.5
41      2       300     700     17      28      1.5
41      3       700     1000    20      20      1.9
41      4       1000    1350    18      47      1.7
41      5       1350    2000    15      30      1.6
42      1       0       250     15      10      1.4
42      2       250     400     20      10      1.7
42      3       400     1200    24      6       1.9
42      4       1200    2000    24      6       1.8
43      1       0       200     10      15      1.4
43      2       200     300     15      10      1.6
43      3       300     500     15      10      1.6
43      4       500     1150    20      20      2.0
43      5       1150    1500    20      20      2.0
43      6       1500    2000    20      35      1.9
44      1       0       250     15      10      1.4
44      2       250     500     15      10      1.6
44      3       500     700     25      20      2.0
44      4       700     950     25      20      2.0
44      5       950     2000    20      45      1.9
45      1       0       350     10      45      1.4
45      2       350     900     15      30      1.6
45      3       900     2000    10      45      1.7
46      1       0       300     15      25      1.4
46      2       300     400     15      25      1.6
46      3       400     800     20      20      2.0
46      4       800     950     15      60      1.7
46      5       950     2000    15      60      1.7
47      1       0       30      20      35      1.5
47      2       30      400     20      35      1.8
47      3       400     750     35      45      2.0
47      4       750     2000    20      45      1.8
48      1       0       200     15      10      1.4
48      2       200     300     20      10      1.7
48      3       300     550     20      10      1.7
48      4       550     800     25      20      2.0
48      5       800     1200    20      35      2.0
48      6       1200    2000    20      35      1.9
49      1       0       100     25      30      1.5
49      2       100     250     50      30      1.9
49      3       250     750     60      20      2.2
50      1       0       100     40      20      1.8
50      2       100     400     50      30      2.0
50      3       400     1050    70      15      2.4
50      4       1050    2000    75      10      2.5
51      1       0       100     60      20      1.9
51      2       100     300     60      20      2.0
51      3       300     850     75      15      2.4
51      4       850     2000    70      20      2.3
52      1       0       200     20      45      1.6
52      2       200     450     20      35      1.8
52      3       450     750     30      50      2.0
52      4       750     2000    1       94      1.6
53      1       0       50      15      40      1.5
53      2       50      400     20      45      1.8
53      3       400     1100    20      60      1.8
54      1       0       50      20      35      1.5
54      2       50      250     30      30      1.9
54      3       250     650     15      60      1.7
54      4       650     2000    5       65      1.6
55      1       0       50      20      60      1.6
55      2       50      150     20      60      1.7
55      3       150     300     20      60      1.8
55      4       300     600     20      60      1.9
55      5       600     1200    15      60      1.8
56      1       0       200     15      30      1.4
56      2       200     500     25      20      1.8
56      3       500     850     15      15      1.6
56      4       850     2000    10      65      1.7
57      1       0       20      3       92      1.3
57      2       20      200     8       87      1.7
57      3       200     600     3       92      1.6
57      4       600     900     2       93      1.6
58      1       0       100     30      30      1.7
58      2       100     400     30      30      1.9
58      3       400     450     30      30      2.0
58      4       450     600     20      45      1.9
58      5       600     800     30      50      2.0
58      6       800     1600    35      45      2.1
58      7       1600    2000    30      50      2.1
59      1       0       100     25      30      1.6
59      2       100     600     30      30      2.0
59      3       600     1000    15      60      1.8
59      4       1000    2000    35      10      2.0
60      1       0       100     6       74      1.4
60      2       100     250     6       74      1.5
60      3       250     350     15      60      1.6
60      4       350     600     20      60      1.7
60      5       600     2000    20      60      1.8
61      1       0       50      10      45      1.5
61      2       50      250     15      60      1.5
61      3       250     400     20      45      1.8
61      4       400     550     15      60      1.7
61      5       550     850     15      60      1.7
61      6       850     2000    10      65      1.7
62      1       0       250     5       65      1.4
62      2       250     350     10      65      1.6
62      3       350     600     10      65      1.6
62      4       600     1050    10      65      1.7
63      1       0       50      0       95      1.3
63      2       50      100     0       95      1.6
63      3       100     200     0       95      1.7
63      4       200     250     0       95      1.7
63      5       250     450     0       95      1.6
63      6       450     650     0       95      1.6
63      7       650     2000    0       95      1.3
64      1       0       250     10      35      1.4
64      2       250     400     15      30      1.5
64      3       400     900     15      30      1.6
64      4       900     1200    20      60      1.9
64      5       1200    1500    26      54      2.1
64      6       1500    2000    20      60      1.9
65      1       0       200     25      20      1.6
65      2       200     300     20      25      1.9
65      3       300     400     40      40      2.1
65      4       400     900     40      40      2.0
66      1       0       100     65      15      1.9
66      2       100     300     65      15      2.1
66      3       300     1300    60      20      2.2
67      1       0       250     25      20      1.6
67      2       250     450     30      50      2.0
67      3       450     700     35      55      1.9
67      4       700     2000    30      60      1.9
68      1       0       50      35      45      1.7
68      2       50      200     40      40      1.9
68      3       200     350     40      40      1.9
68      4       350     600     50      30      2.2
68      5       600     2000    45      35      2.0
69      1       0       100     30      30      1.6
69      2       100     200     17      38      1.5
69      3       200     800     10      65      1.7
70      1       0       200     15      60      1.4
70      2       200     450     10      65      1.6
70      3       450     2000    5       80      1.6
71      1       0       20      5       80      1.4
71      2       20      300     5       80      1.5
71      3       300     2000    3       92      1.6
72      1       0       20      15      10      1.4
72      2       20      2000    15      10      1.4
